0 0 0 0 0 
1 3795 3862 3877 3731 
2 3778 3860 3875 3694 
3 3768 3856 3871 3671 
4 3752 3849 3864 3643 
5 3724 3844 3862 3599 
6 3702 3839 3856 3562 
7 3680 3835 3853 3521 
8 3639 3829 3845 3445 
9 3614 3823 3841 3364 
10 3581 3814 3831 3202 
11 3525 3811 3829 3079 
12 3470 3803 3826 2970 
13 3403 3791 3815 2807 
14 3265 3785 3807 2710 
15 3156 3770 3799 2612 
16 3010 3762 3789 2483 
17 2911 3740 3775 2393 
18 2822 3725 3763 2277 
19 2690 3699 3743 2202 
20 2609 3681 3730 2133 
21 2537 3649 3703 2033 
22 2418 3627 3686 1971 
23 2350 3595 3653 1911 
24 2253 3566 3633 1828 
25 2194 3521 3596 1771 
26 2128 3487 3569 1698 
27 2039 3425 3527 1651 
28 1989 3371 3486 1601 
29 1915 3267 3419 1539 
30 1867 3175 3353 1496 
31 1821 3056 3232 1456 
32 1752 2963 3145 1400 
33 1706 2838 3032 1365 
34 1653 2769 2952 1327 
35 1611 2667 2849 1279 
36 1578 2593 2774 1246 
37 1522 2498 2679 1215 
38 1491 2407 2587 1173 
39 1443 2341 2527 1141 
40 1414 2267 2443 1118 
41 1385 2207 2384 1089 
42 1358 2136 2308 1054 
43 1316 2083 2256 1026 
44 1292 2020 2188 1007 
45 1249 1951 2118 973 
46 1226 1910 2079 952 
47 1205 1853 2012 935 
48 1166 1811 1975 905 
49 1147 1755 1917 887 
50 1129 1701 1863 868 
51 1099 1672 1831 841 
52 1077 1629 1777 826 
53 1058 1590 1748 808 
54 1030 1549 1701 793 
55 1014 1519 1669 768 
56 995 1479 1625 756 
57 970 1452 1596 743 
58 956 1415 1553 722 
59 933 1387 1526 708 
60 914 1354 1490 694 
61 898 1325 1465 677 
62 886 1294 1429 667 
63 866 1270 1410 652 
64 850 1241 1376 641 
65 838 1219 1350 628 
66 819 1191 1320 616 
67 810 1169 1303 610 
68 797 1142 1272 592 
69 777 1121 1256 582 
70 769 1106 1237 573 
71 757 1078 1207 565 
72 742 1059 1193 551 
73 728 1037 1167 541 
74 721 1019 1150 534 
75 712 1000 1128 527 
76 698 985 1112 516 
77 686 968 1099 508 
78 680 947 1076 498 
79 668 934 1061 489 
80 659 923 1046 485 
81 649 900 1029 476 
82 638 889 1014 468 
83 633 870 996 461 
84 623 853 987 452 
85 616 845 973 448 
86 608 827 954 444 
87 599 814 945 433 
88 592 797 928 430 
89 586 787 916 424 
90 576 777 908 416 
91 568 761 890 410 
92 563 753 881 404 
93 558 744 874 398 
94 549 729 857 395 
95 542 718 847 387 
96 537 710 841 384 
97 530 693 828 379 
98 525 687 821 375 
99 519 679 811 367 
100 513 667 798 362 
101 507 657 789 360 
102 503 648 784 357 
103 500 637 772 351 
104 497 627 763 350 
105 488 621 759 344 
106 484 607 748 339 
107 478 599 742 335 
108 474 595 735 331 
109 470 587 723 328 
110 465 578 719 326 
111 462 571 710 322 
112 459 565 705 320 
113 450 557 694 314 
114 449 548 689 313 
115 446 540 685 308 
116 441 533 677 302 
117 436 528 672 301 
118 431 521 666 302 
119 429 512 658 297 
120 427 505 652 297 
121 421 503 647 287 
122 418 495 640 289 
123 415 489 635 287 
124 414 481 632 284 
125 409 477 624 283 
126 402 471 617 280 
127 401 466 611 276 
128 399 462 612 275 
129 393 456 607 273 
130 394 447 600 270 
131 386 444 595 267 
132 384 438 592 266 
133 384 433 588 263 
134 380 430 583 262 
135 379 426 578 260 
136 379 417 576 256 
137 374 413 571 254 
138 366 411 570 256 
139 368 403 563 251 
140 366 400 560 251 
141 367 396 555 249 
142 362 393 552 248 
143 357 388 550 244 
144 358 386 546 244 
145 355 381 542 243 
146 353 378 537 242 
147 352 375 534 241 
148 350 370 532 239 
149 347 368 528 238 
150 341 362 525 235 
151 343 357 524 235 
152 344 359 520 232 
153 339 354 516 232 
154 338 350 512 232 
155 335 346 509 230 
156 334 346 508 228 
157 331 340 503 224 
158 331 337 503 224 
159 327 332 497 223 
160 327 330 496 220 
161 326 329 494 220 
162 324 328 494 221 
163 325 322 491 218 
164 321 322 486 217 
165 320 318 485 217 
166 317 316 482 214 
167 320 314 480 216 
168 315 310 479 213 
169 312 307 476 212 
170 314 305 477 210 
171 312 302 472 207 
172 309 299 469 211 
173 310 297 470 211 
174 308 292 465 207 
175 307 294 462 206 
176 303 288 462 204 
177 304 285 460 204 
178 302 288 460 203 
179 301 286 455 203 
