0 3622 0 0 0 
1 3620 3873 3853 3063 
2 3571 3873 3852 2869 
3 3543 3871 3848 2764 
4 3511 3866 3844 2667 
5 3478 3859 3838 2569 
6 3438 3855 3829 2479 
7 3391 3852 3823 2392 
8 3247 3847 3818 2312 
9 3143 3845 3813 2161 
10 3051 3842 3803 2091 
11 2953 3831 3793 2020 
12 2864 3830 3783 1957 
13 2776 3819 3773 1897 
14 2699 3816 3762 1838 
15 2532 3811 3745 1729 
16 2466 3799 3711 1676 
17 2393 3791 3692 1629 
18 2321 3785 3669 1579 
19 2258 3774 3645 1535 
20 2191 3763 3619 1491 
21 2079 3751 3590 1411 
22 2014 3721 3522 1375 
23 1961 3706 3475 1336 
24 1911 3681 3419 1298 
25 1859 3662 3339 1269 
26 1811 3641 3233 1238 
27 1765 3588 3007 1174 
28 1675 3557 2910 1145 
29 1635 3523 2808 1118 
30 1595 3479 2712 1088 
31 1553 3433 2628 1063 
32 1517 3371 2538 1038 
33 1482 3200 2386 989 
34 1412 3105 2311 972 
35 1377 3011 2239 942 
36 1348 2921 2173 920 
37 1317 2833 2109 898 
38 1286 2676 1987 880 
39 1257 2602 1931 856 
40 1231 2532 1873 823 
41 1180 2461 1823 801 
42 1157 2393 1775 784 
43 1128 2267 1680 770 
44 1105 2207 1637 753 
45 1079 2151 1592 738 
46 1058 2096 1551 723 
47 1035 2044 1512 692 
48 1017 1997 1472 678 
49 977 1896 1396 664 
50 959 1857 1370 653 
51 935 1812 1336 639 
52 919 1771 1306 626 
53 897 1730 1275 611 
54 879 1692 1245 590 
55 847 1616 1191 577 
56 830 1580 1166 567 
57 818 1546 1140 554 
58 802 1515 1116 544 
59 786 1484 1095 535 
60 775 1455 1071 521 
61 761 1422 1050 503 
62 746 1365 1010 496 
63 719 1341 988 484 
64 706 1313 971 477 
65 697 1285 953 466 
66 681 1261 934 459 
67 671 1235 917 450 
68 658 1214 903 434 
69 651 1168 869 422 
70 629 1145 853 416 
71 618 1126 838 411 
72 610 1108 824 401 
73 599 1086 809 389 
74 590 1068 794 380 
75 579 1046 781 371 
76 561 1013 757 366 
77 551 995 745 360 
78 546 977 733 351 
79 540 964 718 347 
80 530 945 709 339 
81 520 930 697 328 
82 512 901 677 322 
83 500 885 668 316 
84 489 873 659 308 
85 482 862 645 304 
86 477 845 637 299 
87 468 836 626 293 
88 463 820 617 284 
89 457 796 601 278 
90 447 784 589 272 
91 436 774 582 265 
92 430 763 571 266 
93 426 753 566 259 
94 422 742 556 249 
95 412 731 550 247 
96 410 712 537 241 
97 408 702 526 238 
98 394 691 521 234 
99 389 684 513 229 
100 384 677 508 227 
101 380 664 500 219 
102 373 649 486 215 
103 369 641 482 211 
104 364 635 473 207 
105 362 626 469 204 
106 352 618 463 202 
107 347 610 456 200 
108 343 604 452 184 
109 340 591 441 191 
110 336 577 434 186 
111 329 578 430 180 
112 327 572 426 179 
113 320 564 418 178 
114 318 557 415 173 
115 314 539 405 167 
116 312 538 398 165 
117 304 529 396 163 
118 300 525 390 161 
119 296 519 388 157 
120 296 513 384 154 
121 284 507 375 152 
122 285 503 371 146 
123 281 490 365 144 
124 280 485 360 144 
125 278 481 357 140 
126 274 474 353 139 
127 274 472 350 136 
128 268 464 346 132 
129 261 459 342 135 
130 259 451 335 128 
131 260 446 333 126 
132 257 441 330 125 
133 252 436 324 122 
134 248 432 325 122 
135 248 428 320 118 
136 245 418 316 119 
137 241 414 314 115 
138 236 412 310 114 
139 237 410 311 112 
140 234 405 307 108 
141 232 399 305 107 
142 224 397 304 106 
143 228 389 298 102 
144 224 387 296 100 
145 222 383 294 100 
146 221 380 291 101 
147 217 376 290 96 
148 215 373 286 96 
149 212 370 283 92 
150 213 363 279 93 
151 210 359 277 92 
152 208 358 270 87 
153 202 357 271 88 
154 201 356 268 89 
155 200 349 264 82 
156 200 345 260 84 
157 200 342 260 85 
158 194 341 254 81 
159 195 338 256 83 
160 187 335 253 81 
161 191 332 250 77 
162 185 330 248 77 
163 188 324 245 76 
164 186 325 244 77 
165 185 323 241 75 
166 183 320 241 74 
167 177 316 237 77 
168 182 314 233 72 
169 177 310 237 72 
170 176 308 233 68 
171 176 306 229 72 
172 173 303 227 70 
173 171 300 226 66 
174 168 304 224 69 
175 166 298 225 67 
176 165 297 223 66 
177 165 293 219 67 
178 160 288 219 66 
179 161 286 215 64 
