0 0 0 0 0 
1 3385 3796 3733 2751 
2 3280 3786 3721 2651 
3 3153 3779 3705 2499 
4 2902 3774 3692 2447 
5 2799 3766 3677 2366 
6 2691 3755 3659 2281 
7 2591 3743 3640 2113 
8 2496 3728 3619 2041 
9 2408 3716 3600 1981 
10 2315 3700 3577 1923 
11 2233 3662 3525 1792 
12 2152 3641 3491 1731 
13 2001 3620 3458 1673 
14 1931 3600 3413 1616 
15 1866 3574 3351 1561 
16 1805 3548 3273 1505 
17 1742 3520 3183 1462 
18 1684 3483 3099 1416 
19 1633 3448 3015 1321 
20 1580 3400 2929 1285 
21 1529 3338 2850 1247 
22 1476 3163 2696 1207 
23 1386 3076 2624 1168 
24 1343 2986 2552 1137 
25 1305 2901 2483 1104 
26 1264 2818 2418 1072 
27 1225 2740 2356 1010 
28 1193 2660 2292 977 
29 1157 2588 2232 951 
30 1123 2513 2176 925 
31 1090 2448 2119 902 
32 1060 2379 2066 877 
33 1002 2258 1961 853 
34 974 2199 1913 833 
35 952 2145 1867 790 
36 924 2089 1819 768 
37 898 2036 1776 749 
38 878 1983 1735 730 
39 858 1938 1693 711 
40 833 1885 1653 691 
41 812 1845 1615 676 
42 790 1800 1577 662 
43 753 1754 1539 628 
44 736 1679 1472 611 
45 715 1640 1438 601 
46 701 1604 1407 587 
47 682 1568 1377 572 
48 668 1532 1346 559 
49 651 1499 1318 545 
50 635 1464 1290 533 
51 621 1432 1262 520 
52 607 1401 1235 497 
53 595 1372 1210 487 
54 567 1339 1185 472 
55 557 1313 1162 465 
56 542 1259 1115 455 
57 531 1234 1093 441 
58 527 1210 1071 433 
59 509 1189 1050 427 
60 497 1163 1030 415 
61 487 1138 1010 400 
62 476 1117 989 392 
63 467 1095 971 383 
64 451 1076 953 373 
65 438 1056 935 367 
66 429 1036 918 359 
67 421 995 882 349 
68 413 977 867 344 
69 406 959 855 338 
70 396 942 837 325 
71 388 927 822 320 
72 376 908 807 307 
73 373 891 792 305 
74 365 874 779 298 
75 351 860 765 292 
76 348 843 751 281 
77 338 830 738 282 
78 332 814 726 278 
79 324 802 713 265 
80 320 774 689 259 
81 314 757 677 254 
82 308 748 665 249 
83 302 733 653 242 
84 298 724 641 239 
85 290 707 630 235 
86 281 698 620 231 
87 277 688 610 225 
88 269 676 598 222 
89 265 665 589 213 
90 260 651 579 209 
91 256 643 569 201 
92 246 634 559 198 
93 245 611 541 199 
94 241 604 531 193 
95 237 594 523 191 
96 235 583 513 185 
97 232 576 506 184 
98 223 567 497 182 
99 216 557 489 173 
100 212 551 482 170 
101 213 542 474 167 
102 205 535 466 163 
103 202 526 459 160 
104 200 518 450 160 
105 196 507 444 156 
106 194 501 437 148 
107 187 486 423 152 
108 188 482 416 148 
109 182 472 410 145 
110 179 468 403 140 
111 173 462 397 137 
112 170 455 391 135 
113 171 448 385 132 
114 165 440 378 131 
115 163 434 374 124 
116 160 427 367 128 
117 164 423 361 126 
118 155 418 356 121 
119 154 410 351 119 
120 151 406 345 118 
121 149 396 336 113 
122 144 390 329 112 
123 139 385 326 111 
124 140 380 321 109 
125 136 374 315 108 
126 133 369 311 105 
127 131 365 308 103 
128 132 359 302 101 
129 128 354 298 100 
130 128 350 294 95 
131 121 345 291 96 
132 121 340 285 94 
133 119 336 282 92 
134 115 330 277 91 
135 117 324 270 89 
136 112 320 265 87 
137 106 314 262 89 
138 110 311 258 85 
139 109 305 256 83 
140 105 301 251 78 
141 102 300 247 82 
142 102 296 244 80 
143 94 293 241 80 
144 101 290 237 74 
145 96 285 234 77 
146 100 280 231 75 
147 93 279 228 75 
148 94 274 224 71 
149 90 272 221 71 
150 92 269 219 72 
151 86 260 213 70 
152 85 260 211 70 
153 85 256 208 69 
154 82 253 204 69 
155 80 247 202 65 
156 79 247 200 59 
157 72 242 197 62 
158 76 242 194 64 
159 78 237 192 62 
160 73 233 190 61 
161 75 233 187 60 
162 72 230 185 59 
163 69 228 182 54 
164 67 225 180 56 
165 66 223 178 57 
166 67 216 173 56 
167 64 216 171 53 
168 65 214 169 53 
169 61 208 167 54 
170 59 208 165 52 
171 62 207 164 53 
172 58 202 161 52 
173 58 200 160 51 
174 55 200 157 50 
175 53 198 156 50 
176 54 194 154 49 
177 51 192 152 48 
178 50 192 150 47 
179 51 188 149 48 
