0 0 0 0 0 
1 1683 3802 3803 1914 
2 1662 3800 3799 1871 
3 1589 3797 3797 1825 
4 1554 3795 3796 1780 
5 1522 3783 3790 1743 
6 1493 3777 3789 1701 
7 1466 3768 3786 1667 
8 1436 3758 3781 1629 
9 1410 3750 3775 1559 
10 1387 3737 3770 1527 
11 1361 3721 3761 1497 
12 1339 3703 3755 1471 
13 1314 3689 3739 1441 
14 1275 3667 3730 1412 
15 1252 3648 3716 1387 
16 1242 3602 3687 1361 
17 1217 3580 3670 1337 
18 1201 3551 3652 1311 
19 1186 3524 3634 1290 
20 1168 3489 3613 1267 
21 1153 3455 3593 1246 
22 1137 3419 3570 1204 
23 1122 3371 3542 1186 
24 1106 3313 3516 1168 
25 1083 3236 3488 1149 
26 1068 3051 3401 1131 
27 1055 2962 3355 1117 
28 1053 2875 3281 1100 
29 1029 2789 3193 1084 
30 1021 2706 3108 1066 
31 1009 2625 3020 1052 
32 995 2546 2941 1040 
33 990 2471 2856 1024 
34 977 2396 2786 1010 
35 966 2332 2710 983 
36 953 2263 2634 969 
37 941 2196 2565 957 
38 931 2078 2430 946 
39 933 2022 2374 936 
40 917 1964 2315 925 
41 905 1915 2252 913 
42 903 1864 2194 899 
43 892 1815 2143 890 
44 886 1763 2091 881 
45 881 1722 2039 870 
46 874 1677 1993 864 
47 865 1637 1945 855 
48 859 1593 1900 842 
49 846 1556 1854 836 
50 840 1485 1769 817 
51 833 1449 1729 811 
52 828 1415 1693 800 
53 823 1380 1655 796 
54 817 1351 1616 785 
55 811 1319 1585 777 
56 805 1290 1551 771 
57 801 1259 1517 765 
58 796 1231 1489 755 
59 791 1205 1459 749 
60 788 1181 1427 743 
61 781 1157 1399 739 
62 767 1130 1370 726 
63 766 1082 1316 725 
64 763 1059 1293 717 
65 758 1045 1265 705 
66 756 1020 1245 701 
67 750 999 1224 695 
68 746 984 1197 687 
69 741 959 1174 683 
70 738 942 1152 678 
71 734 925 1131 674 
72 730 909 1111 669 
73 726 892 1092 662 
74 723 875 1073 659 
75 720 858 1054 654 
76 712 844 1036 651 
77 711 831 1016 645 
78 707 801 989 641 
79 702 787 965 637 
80 697 771 951 631 
81 695 758 935 625 
82 693 746 920 621 
83 691 733 906 615 
84 687 722 890 612 
85 687 710 878 609 
86 681 698 862 604 
87 678 685 850 600 
88 677 675 841 597 
89 673 665 824 595 
90 669 652 814 592 
91 668 647 801 587 
92 668 624 779 586 
93 663 615 764 581 
94 662 605 757 578 
95 655 594 742 573 
96 654 583 734 572 
97 653 574 719 570 
98 651 565 712 565 
99 652 558 702 561 
100 646 553 688 561 
101 644 547 684 556 
102 643 537 672 553 
103 643 530 661 551 
104 645 522 659 548 
105 637 515 649 544 
106 635 507 638 542 
107 632 490 623 539 
108 631 485 614 536 
109 631 480 608 537 
110 626 473 600 532 
111 625 469 595 530 
112 621 460 582 528 
113 623 454 578 528 
114 621 449 572 521 
115 621 444 565 523 
116 615 437 561 518 
117 617 438 552 514 
118 615 423 542 514 
119 612 421 538 512 
120 612 414 531 508 
121 610 409 524 507 
122 609 400 514 506 
123 607 394 510 504 
124 603 389 504 501 
125 605 383 495 500 
126 605 378 490 498 
127 603 376 486 497 
128 601 369 482 494 
129 600 366 477 494 
130 598 360 472 491 
131 595 353 468 490 
132 596 350 464 489 
133 595 347 456 486 
134 594 345 452 485 
135 593 338 449 481 
136 593 336 443 482 
137 589 332 437 481 
138 592 327 427 475 
139 589 323 426 477 
140 585 316 420 477 
141 587 314 416 475 
142 584 311 412 474 
143 584 308 409 471 
144 584 305 403 471 
145 583 297 401 468 
146 582 297 395 468 
147 577 293 392 464 
148 579 292 391 461 
149 579 288 387 463 
150 579 287 382 464 
151 576 282 377 460 
152 579 279 373 457 
153 577 273 374 457 
154 577 269 366 454 
155 573 266 358 453 
156 572 265 360 453 
157 570 263 359 448 
158 561 258 353 448 
159 570 253 353 450 
