0 0 0 0 0 
1 3790 3844 3865 3732 
2 3771 3844 3861 3706 
3 3755 3837 3855 3665 
4 3737 3834 3850 3637 
5 3717 3824 3846 3603 
6 3683 3819 3839 3567 
7 3654 3817 3835 3499 
8 3629 3811 3825 3443 
9 3595 3803 3823 3361 
10 3540 3791 3813 3254 
11 3493 3786 3805 3121 
12 3431 3771 3799 2943 
13 3284 3758 3789 2827 
14 3176 3734 3775 2724 
15 3064 3713 3759 2619 
16 2968 3690 3745 2521 
17 2814 3658 3718 2388 
18 2722 3635 3697 2299 
19 2634 3605 3674 2222 
20 2553 3561 3635 2146 
21 2429 3523 3606 2072 
22 2351 3486 3573 1968 
23 2278 3436 3541 1899 
24 2219 3346 3472 1842 
25 2115 3245 3413 1781 
26 2053 3136 3325 1723 
27 1998 2983 3176 1646 
28 1943 2883 3077 1598 
29 1863 2788 2981 1550 
30 1813 2701 2892 1501 
31 1766 2573 2765 1440 
32 1720 2488 2684 1401 
33 1655 2413 2609 1361 
34 1613 2300 2495 1325 
35 1572 2238 2426 1288 
36 1535 2168 2355 1261 
37 1479 2106 2294 1208 
38 1444 2016 2202 1178 
39 1413 1959 2144 1149 
40 1378 1907 2085 1120 
41 1333 1850 2030 1092 
42 1305 1778 1955 1052 
43 1276 1734 1911 1027 
44 1252 1684 1860 1006 
45 1211 1620 1795 981 
46 1182 1580 1754 960 
47 1161 1540 1710 928 
48 1139 1501 1671 906 
49 1102 1462 1628 889 
50 1083 1411 1578 870 
51 1061 1374 1543 850 
52 1042 1345 1509 835 
53 1011 1298 1462 810 
54 992 1266 1429 791 
55 975 1238 1401 777 
56 957 1207 1370 762 
57 942 1168 1329 739 
58 917 1143 1303 725 
59 898 1120 1277 712 
60 886 1091 1250 696 
61 872 1063 1213 685 
62 849 1036 1189 673 
63 835 1012 1163 654 
64 823 996 1144 642 
65 810 977 1120 634 
66 791 944 1091 619 
67 774 924 1068 608 
68 766 904 1051 594 
69 755 891 1032 584 
70 746 860 1004 574 
71 729 847 988 566 
72 719 829 969 557 
73 710 818 948 547 
74 702 794 926 534 
75 686 781 911 526 
76 676 763 894 516 
77 667 750 881 509 
78 658 733 863 499 
79 652 713 844 494 
80 638 707 833 484 
81 631 691 818 478 
82 619 676 804 470 
83 617 662 784 463 
84 605 648 774 456 
85 595 640 761 447 
86 589 629 750 440 
87 582 620 739 435 
88 576 601 722 428 
89 565 593 709 422 
90 560 588 700 419 
91 550 574 686 411 
92 549 563 676 403 
93 541 548 666 398 
94 534 548 658 393 
95 528 536 649 390 
96 522 523 631 385 
97 517 517 625 380 
98 512 508 617 373 
99 504 503 608 371 
100 497 490 597 365 
101 495 486 591 360 
102 488 477 579 356 
103 484 469 575 353 
104 475 459 561 347 
105 473 455 553 343 
106 469 445 546 338 
107 465 437 541 335 
108 459 435 534 331 
109 453 426 524 330 
110 451 420 517 322 
111 446 416 510 322 
112 442 408 503 317 
113 436 402 492 314 
114 434 393 490 312 
115 429 389 483 309 
116 429 384 477 308 
117 424 384 472 300 
118 418 370 463 302 
119 414 366 459 297 
120 408 364 452 293 
121 407 357 447 292 
122 406 351 440 290 
123 399 348 435 286 
124 396 344 432 283 
125 392 342 425 278 
126 387 333 422 277 
127 388 327 415 274 
128 386 324 406 276 
129 384 318 406 272 
130 379 316 403 269 
131 378 312 396 266 
132 373 306 392 265 
133 372 307 388 262 
134 368 306 383 261 
135 366 298 379 261 
136 363 296 374 257 
137 362 291 368 256 
138 359 284 367 254 
139 356 286 362 254 
140 354 280 361 249 
141 352 270 355 251 
142 349 273 354 246 
143 347 274 349 243 
144 345 272 345 241 
145 341 268 340 240 
146 341 267 339 239 
147 339 259 334 239 
148 340 256 330 237 
149 334 252 329 237 
150 333 253 326 234 
151 332 246 324 232 
152 331 247 321 232 
153 329 245 317 229 
154 326 237 316 228 
155 324 237 311 227 
156 322 234 311 226 
157 321 229 306 224 
158 317 229 304 225 
159 318 230 298 222 
160 313 224 299 220 
161 315 222 298 218 
162 312 225 295 219 
163 312 214 294 219 
164 310 215 290 218 
165 310 214 285 215 
166 307 214 286 213 
167 306 209 284 213 
168 304 206 278 212 
169 303 206 279 209 
170 302 206 271 209 
171 300 205 274 211 
172 300 203 273 207 
173 298 200 270 207 
174 296 200 269 206 
175 295 195 266 205 
176 296 197 264 204 
177 293 189 260 203 
178 292 193 260 202 
179 289 189 258 199 
