0 0 0 0 0 
1 1351 3863 3839 1494 
2 1323 3864 3843 1447 
3 1283 3856 3839 1403 
4 1248 3855 3835 1358 
5 1180 3849 3833 1319 
6 1149 3845 3831 1274 
7 1119 3842 3826 1242 
8 1090 3838 3825 1206 
9 1061 3828 3815 1138 
10 1035 3823 3811 1108 
11 1011 3815 3805 1077 
12 988 3811 3798 1046 
13 940 3802 3790 1022 
14 917 3794 3779 995 
15 894 3785 3768 964 
16 878 3759 3740 943 
17 857 3747 3725 918 
18 838 3729 3706 873 
19 820 3711 3685 852 
20 785 3691 3666 828 
21 767 3668 3639 814 
22 750 3645 3617 794 
23 735 3591 3562 776 
24 719 3563 3527 751 
25 705 3530 3487 744 
26 692 3499 3437 724 
27 678 3451 3370 693 
28 650 3396 3273 678 
29 638 3325 3174 664 
30 624 3159 2999 649 
31 613 3060 2913 637 
32 603 2967 2824 623 
33 595 2875 2739 611 
34 580 2783 2656 601 
35 570 2625 2508 570 
36 551 2561 2444 564 
37 542 2494 2376 553 
38 532 2417 2310 541 
39 522 2366 2260 531 
40 513 2225 2133 521 
41 503 2170 2073 509 
42 495 2109 2016 502 
43 488 2046 1962 493 
44 479 1993 1908 478 
45 464 1932 1860 469 
46 457 1889 1812 457 
47 448 1789 1719 453 
48 441 1742 1676 445 
49 432 1700 1633 440 
50 432 1650 1593 431 
51 422 1612 1558 423 
52 409 1571 1520 420 
53 405 1539 1482 405 
54 399 1501 1450 401 
55 393 1430 1380 396 
56 387 1399 1352 389 
57 381 1366 1318 383 
58 377 1338 1291 380 
59 372 1302 1263 375 
60 366 1277 1232 367 
61 355 1251 1206 365 
62 351 1226 1182 357 
63 347 1197 1155 352 
64 343 1151 1104 345 
65 338 1124 1082 342 
66 333 1107 1062 337 
67 330 1084 1043 335 
68 326 1062 1017 326 
69 317 1041 999 326 
70 314 1024 980 321 
71 309 999 961 318 
72 304 966 919 309 
73 303 947 905 305 
74 299 931 887 305 
75 297 916 872 304 
76 296 896 854 299 
77 288 884 839 294 
78 284 867 826 290 
79 277 859 812 288 
80 278 828 779 285 
81 272 812 764 278 
82 272 802 758 278 
83 269 789 743 275 
84 264 774 732 274 
85 264 761 724 268 
86 260 750 705 266 
87 253 730 682 265 
88 256 716 671 262 
89 250 709 660 259 
90 248 695 651 258 
91 244 685 639 252 
92 239 678 630 248 
93 242 668 621 248 
94 237 654 612 242 
95 236 647 600 244 
96 232 628 581 240 
97 229 617 574 239 
98 229 615 564 238 
99 225 603 555 235 
100 222 597 548 233 
101 224 590 541 231 
102 219 572 526 227 
103 221 564 518 228 
104 217 556 510 223 
105 217 548 506 220 
106 214 545 498 222 
107 212 536 489 220 
108 209 524 482 217 
109 209 524 474 214 
110 207 516 466 214 
111 205 516 464 208 
112 202 499 451 209 
113 202 494 446 208 
114 201 486 440 208 
115 195 482 436 207 
116 196 479 432 206 
117 196 467 422 204 
118 194 459 413 201 
119 189 457 411 204 
120 189 450 404 198 
121 190 444 398 197 
122 185 441 394 196 
123 188 438 391 196 
124 186 428 383 192 
125 184 422 378 193 
126 184 420 373 191 
127 181 416 372 189 
128 179 406 365 189 
129 178 405 359 186 
130 177 400 354 186 
131 179 394 352 184 
132 178 387 347 184 
133 177 389 342 183 
134 175 380 338 181 
135 177 378 336 181 
136 176 373 331 179 
137 173 372 328 178 
138 171 365 322 178 
139 170 360 322 182 
140 170 354 315 176 
141 168 351 311 175 
142 166 348 310 176 
143 167 343 306 174 
144 167 343 303 173 
145 164 338 299 170 
146 160 333 293 171 
147 162 329 292 169 
148 161 326 289 166 
149 160 328 288 167 
150 160 320 283 169 
151 156 316 279 166 
152 160 314 279 167 
153 158 311 276 165 
154 158 310 274 164 
155 156 307 268 162 
156 156 300 266 164 
157 153 301 263 162 
158 155 297 260 162 
159 153 294 258 162 
160 151 296 256 163 
161 152 293 256 162 
162 150 288 250 160 
163 151 287 250 160 
164 146 281 244 158 
165 148 280 244 159 
166 148 278 243 157 
167 148 275 238 158 
168 147 276 235 156 
169 146 272 234 157 
170 145 271 233 156 
171 148 265 231 153 
172 144 263 232 156 
173 143 263 227 155 
174 144 261 224 153 
175 140 258 224 155 
176 143 253 222 152 
177 140 256 219 149 
178 141 256 214 153 
179 141 251 215 152 
