0 0 0 0 0 
1 0 3741 3797 0 
2 0 3736 3797 0 
3 0 3729 3794 0 
4 0 3719 3790 0 
5 0 3706 3788 0 
6 0 3692 3787 0 
7 0 3657 3779 0 
8 0 3635 3771 0 
9 0 3616 3766 0 
10 0 3595 3758 0 
11 0 3569 3748 0 
12 0 3544 3738 0 
13 0 3516 3729 0 
14 0 3489 3714 0 
15 0 3457 3697 0 
16 0 3419 3684 0 
17 0 3378 3666 0 
18 0 3262 3628 0 
19 0 3181 3609 0 
20 0 3096 3587 0 
21 0 3003 3566 0 
22 0 2917 3537 0 
23 0 2840 3511 0 
24 0 2762 3478 0 
25 0 2683 3441 0 
26 0 2607 3396 0 
27 0 2529 3340 0 
28 0 2394 3163 0 
29 0 2322 3080 0 
30 0 2259 2993 0 
31 0 2194 2908 0 
32 0 2140 2824 0 
33 0 2083 2743 0 
34 0 2030 2670 0 
35 0 1971 2592 0 
36 0 1919 2525 0 
37 0 1864 2457 0 
38 0 1817 2388 0 
39 0 1720 2261 0 
40 0 1686 2203 0 
41 0 1633 2149 0 
42 0 1595 2092 0 
43 0 1551 2044 0 
44 0 1514 1987 0 
45 0 1477 1940 0 
46 0 1442 1889 0 
47 0 1403 1849 0 
48 0 1372 1803 0 
49 0 1343 1758 0 
50 0 1307 1719 0 
51 0 1253 1642 0 
52 0 1225 1606 0 
53 0 1194 1566 0 
54 0 1171 1537 0 
55 0 1140 1497 0 
56 0 1121 1466 0 
57 0 1098 1437 0 
58 0 1074 1405 0 
59 0 1057 1379 0 
60 0 1031 1355 0 
61 0 1006 1324 0 
62 0 988 1295 0 
63 0 968 1265 0 
64 0 931 1222 0 
65 0 911 1198 0 
66 0 893 1178 0 
67 0 874 1153 0 
68 0 859 1131 0 
69 0 843 1111 0 
70 0 828 1091 0 
71 0 813 1072 0 
72 0 798 1053 0 
73 0 781 1034 0 
74 0 768 1015 0 
75 0 755 998 0 
76 0 743 980 0 
77 0 726 963 0 
78 0 703 930 0 
79 0 692 916 0 
80 0 678 901 0 
81 0 667 887 0 
82 0 651 873 0 
83 0 645 849 0 
84 0 638 844 0 
85 0 626 832 0 
86 0 615 818 0 
87 0 605 805 0 
88 0 595 790 0 
89 0 584 782 0 
90 0 576 771 0 
91 0 572 758 0 
92 0 549 737 0 
93 0 543 726 0 
94 0 536 715 0 
95 0 525 707 0 
96 0 518 694 0 
97 0 510 686 0 
98 0 502 677 0 
99 0 495 668 0 
100 0 486 665 0 
101 0 482 650 0 
102 0 474 641 0 
103 0 466 632 0 
104 0 461 623 0 
105 0 453 616 0 
106 0 448 608 0 
107 0 442 600 0 
108 0 430 586 0 
109 0 421 578 0 
110 0 418 569 0 
111 0 413 563 0 
112 0 410 555 0 
113 0 405 551 0 
114 0 400 544 0 
115 0 394 537 0 
116 0 389 532 0 
117 0 382 524 0 
118 0 378 517 0 
119 0 370 512 0 
120 0 369 505 0 
121 0 364 501 0 
122 0 361 494 0 
123 0 351 484 0 
124 0 347 480 0 
125 0 339 473 0 
126 0 339 473 0 
127 0 329 466 0 
128 0 332 460 0 
129 0 329 455 0 
130 0 320 448 0 
131 0 320 446 0 
132 0 314 440 0 
133 0 312 437 0 
134 0 309 432 0 
135 0 304 426 0 
136 0 299 420 0 
137 0 299 418 0 
138 0 295 410 0 
139 0 288 406 0 
