0 0 0 0 0 
1 3262 3800 3743 2834 
2 3152 3796 3733 2731 
3 3031 3775 3707 2635 
4 2911 3772 3691 2539 
5 2795 3762 3677 2449 
6 2685 3750 3660 2363 
7 2577 3734 3641 2277 
8 2475 3724 3624 2200 
9 2292 3703 3604 2044 
10 2207 3676 3559 1967 
11 2133 3651 3531 1899 
12 2061 3636 3503 1833 
13 1987 3614 3469 1769 
14 1918 3587 3425 1705 
15 1855 3563 3369 1651 
16 1801 3537 3299 1592 
17 1741 3512 3215 1540 
18 1631 3436 3045 1489 
19 1583 3390 2967 1387 
20 1534 3324 2888 1345 
21 1487 3244 2811 1299 
22 1441 3152 2735 1259 
23 1395 3068 2664 1221 
24 1357 2981 2594 1184 
25 1317 2814 2459 1150 
26 1279 2739 2395 1117 
27 1212 2668 2336 1083 
28 1179 2595 2275 1054 
29 1143 2523 2217 1025 
30 1114 2455 2161 971 
31 1085 2392 2109 945 
32 1054 2332 2058 920 
33 1027 2214 1955 895 
34 999 2155 1907 874 
35 974 2104 1862 852 
36 922 2052 1819 830 
37 901 2000 1773 811 
38 881 1947 1731 791 
39 858 1902 1693 772 
40 835 1858 1654 733 
41 815 1772 1578 715 
42 794 1732 1543 696 
43 778 1690 1509 679 
44 757 1655 1476 662 
45 738 1617 1444 646 
46 703 1583 1412 632 
47 687 1546 1381 615 
48 674 1510 1354 599 
49 656 1481 1323 586 
50 638 1418 1267 571 
51 624 1387 1241 545 
52 610 1360 1217 531 
53 596 1332 1193 517 
54 586 1303 1167 505 
55 570 1280 1145 493 
56 546 1254 1123 481 
57 532 1230 1102 470 
58 522 1206 1079 459 
59 503 1158 1038 444 
60 497 1134 1017 437 
61 489 1116 999 423 
62 475 1095 980 408 
63 465 1074 962 397 
64 456 1054 944 389 
65 444 1033 927 377 
66 426 1015 911 369 
67 418 999 894 361 
68 408 981 878 353 
69 401 948 847 345 
70 390 930 832 333 
71 381 916 818 328 
72 370 897 803 322 
73 365 881 789 314 
74 363 865 776 300 
75 356 853 762 293 
76 340 838 750 289 
77 332 825 737 281 
78 324 797 712 274 
79 320 784 700 267 
80 310 770 687 261 
81 303 759 676 253 
82 296 746 665 249 
83 297 733 654 245 
84 280 722 643 240 
85 282 707 632 233 
86 274 697 622 225 
87 267 686 611 219 
88 260 666 591 213 
89 256 656 581 209 
90 247 645 572 201 
91 242 633 563 200 
92 237 624 554 195 
93 234 615 545 191 
94 229 606 536 185 
95 222 595 528 184 
96 218 587 519 179 
97 213 576 512 177 
98 209 560 494 170 
99 196 551 486 163 
100 196 545 479 161 
101 192 536 472 154 
102 186 528 464 154 
103 183 519 456 151 
104 179 510 450 147 
105 175 506 443 145 
106 176 497 437 142 
107 167 489 429 139 
108 165 475 417 137 
109 156 470 410 135 
110 153 464 403 131 
111 152 458 397 129 
112 151 450 391 119 
113 143 444 385 123 
114 142 438 379 118 
115 136 432 373 116 
116 136 424 368 113 
117 129 420 363 111 
118 123 412 357 109 
119 124 404 347 107 
120 124 398 342 104 
121 118 392 336 103 
122 117 387 331 101 
123 113 381 327 98 
124 106 376 323 97 
125 109 371 318 93 
126 101 367 313 91 
127 102 362 309 91 
128 98 357 303 85 
129 92 352 300 86 
130 93 342 291 84 
131 88 340 288 82 
132 89 334 283 82 
133 88 330 279 80 
134 89 326 274 76 
135 76 323 270 76 
136 74 319 268 75 
137 74 315 264 73 
138 69 309 261 72 
139 68 307 256 70 
140 66 304 253 64 
141 67 297 245 66 
142 64 293 242 65 
143 62 289 239 64 
144 59 284 236 62 
145 56 281 232 57 
146 56 279 229 60 
147 53 277 227 58 
148 52 274 223 57 
149 53 273 221 57 
150 47 268 218 55 
151 48 262 215 54 
152 43 261 213 52 
153 42 256 207 52 
154 41 252 205 50 
155 42 247 201 48 
156 39 246 199 48 
157 38 244 197 46 
158 37 241 194 45 
159 36 235 192 43 
160 36 235 190 43 
161 39 229 187 44 
162 35 230 185 41 
163 35 225 180 42 
164 34 223 178 36 
165 32 220 176 38 
166 32 217 174 38 
167 29 213 172 38 
168 32 211 170 37 
169 29 211 168 36 
170 27 209 166 35 
171 29 204 164 34 
172 27 203 163 34 
173 23 203 161 33 
174 22 202 159 32 
175 25 197 156 32 
176 22 195 154 31 
177 22 193 152 30 
178 22 192 149 30 
179 16 188 148 30 
