0 0 0 0 0 
1 3681 3836 3863 3608 
2 3660 3835 3860 3571 
3 3635 3831 3856 3530 
4 3605 3826 3851 3481 
5 3577 3822 3848 3421 
6 3542 3818 3846 3338 
7 3502 3811 3839 3224 
8 3451 3804 3835 3102 
9 3382 3796 3829 2984 
10 3291 3785 3826 2873 
11 3195 3768 3811 2767 
12 3092 3754 3807 2665 
13 3000 3736 3798 2574 
14 2826 3720 3790 2481 
15 2743 3699 3780 2397 
16 2660 3676 3771 2314 
17 2588 3652 3759 2164 
18 2517 3626 3743 2097 
19 2446 3600 3726 2024 
20 2380 3572 3707 1966 
21 2314 3540 3689 1907 
22 2251 3505 3669 1849 
23 2201 3463 3650 1792 
24 2144 3414 3628 1736 
25 2084 3265 3583 1683 
26 2042 3176 3556 1638 
27 1990 3078 3526 1590 
28 1944 2987 3491 1552 
29 1901 2906 3447 1507 
30 1859 2827 3393 1465 
31 1818 2752 3321 1430 
32 1778 2678 3238 1391 
33 1737 2608 3152 1355 
34 1702 2535 3073 1321 
35 1668 2476 2994 1291 
36 1635 2416 2917 1258 
37 1602 2364 2844 1222 
38 1570 2301 2777 1197 
39 1514 2250 2706 1168 
40 1485 2200 2644 1142 
41 1453 2105 2516 1116 
42 1430 2058 2451 1089 
43 1406 2015 2399 1070 
44 1380 1971 2339 1042 
45 1359 1928 2288 1019 
46 1336 1889 2232 999 
47 1315 1852 2182 956 
48 1294 1819 2135 935 
49 1272 1782 2085 917 
50 1252 1751 2041 898 
51 1233 1717 1990 880 
52 1219 1689 1953 863 
53 1195 1655 1912 846 
54 1179 1627 1868 829 
55 1160 1597 1834 815 
56 1144 1574 1801 799 
57 1128 1549 1765 783 
58 1114 1501 1698 771 
59 1098 1474 1665 757 
60 1085 1451 1632 742 
61 1070 1428 1608 730 
62 1056 1406 1573 718 
63 1042 1388 1548 706 
64 1030 1366 1519 691 
65 1017 1349 1499 683 
66 1005 1331 1470 669 
67 982 1312 1448 660 
68 982 1293 1424 648 
69 959 1280 1395 637 
70 948 1261 1376 628 
71 938 1243 1354 618 
72 929 1229 1333 612 
73 918 1214 1314 601 
74 909 1201 1292 589 
75 901 1188 1275 584 
76 891 1173 1254 575 
77 881 1161 1238 565 
78 870 1146 1217 558 
79 864 1136 1201 549 
80 859 1124 1181 543 
81 848 1102 1152 536 
82 840 1090 1140 530 
83 832 1078 1128 523 
84 826 1067 1108 517 
85 818 1058 1095 510 
86 812 1047 1081 496 
87 804 1036 1066 489 
88 794 1027 1054 485 
89 793 1018 1037 480 
90 785 1007 1027 473 
91 775 997 1015 467 
92 774 990 1003 463 
93 766 980 993 457 
94 760 972 981 452 
95 760 964 967 444 
96 749 957 958 442 
97 745 949 949 439 
98 740 940 938 432 
99 733 932 929 427 
100 725 928 918 424 
101 718 918 910 421 
102 714 915 900 415 
103 709 909 893 410 
104 705 900 880 404 
105 700 897 874 404 
106 696 887 867 397 
107 695 868 847 395 
108 689 867 843 395 
109 686 862 834 384 
110 679 855 827 381 
111 677 852 820 383 
112 671 845 813 380 
113 668 840 805 374 
114 665 831 797 371 
115 662 828 795 370 
116 659 822 787 365 
117 654 816 784 359 
118 651 813 776 356 
119 648 809 769 354 
120 644 803 764 352 
121 638 797 758 348 
122 635 795 753 346 
123 626 789 747 345 
124 630 784 743 340 
125 626 775 738 339 
126 624 774 732 337 
127 622 773 730 330 
128 618 776 725 330 
129 615 763 717 328 
130 613 759 716 327 
131 611 756 713 324 
132 607 751 704 321 
133 606 750 702 318 
134 603 748 698 316 
135 591 736 690 314 
136 599 738 686 313 
137 596 732 680 311 
138 591 731 677 308 
139 590 728 673 307 
140 588 725 670 306 
141 587 724 668 303 
142 584 720 661 297 
143 581 717 661 299 
144 581 714 656 299 
145 585 709 653 295 
146 575 708 651 292 
147 575 705 649 288 
148 572 705 646 290 
149 569 700 643 289 
150 565 698 634 285 
151 565 693 635 284 
152 564 696 633 284 
153 562 688 628 282 
154 560 688 632 279 
155 559 682 625 276 
156 556 688 623 277 
157 555 680 629 274 
158 554 679 618 274 
159 551 677 616 272 
160 550 675 615 272 
161 549 676 612 271 
162 544 669 609 269 
163 544 668 603 266 
164 542 665 606 266 
165 542 663 603 264 
166 538 661 596 263 
167 537 659 600 262 
168 538 659 592 261 
169 536 656 592 258 
170 536 655 590 258 
171 532 655 587 256 
172 531 652 586 256 
173 530 651 582 253 
174 529 647 583 252 
175 528 646 581 253 
176 528 645 579 254 
177 523 642 576 250 
178 527 642 575 250 
179 520 642 572 249 
