0 0 0 0 0 
1 2670 3893 3877 2171 
2 2597 3892 3875 2146 
3 2530 3888 3871 2058 
4 2458 3885 3866 1997 
5 2391 3880 3861 1969 
6 2331 3877 3857 1918 
7 2222 3875 3853 1889 
8 2169 3870 3852 1845 
9 2120 3870 3847 1821 
10 2073 3867 3843 1752 
11 2022 3862 3835 1716 
12 1978 3861 3831 1692 
13 1936 3857 3828 1660 
14 1895 3855 3823 1627 
15 1821 3854 3818 1608 
16 1788 3847 3814 1559 
17 1755 3848 3809 1533 
18 1723 3838 3798 1517 
19 1689 3837 3788 1485 
20 1658 3831 3781 1472 
21 1634 3829 3773 1439 
22 1580 3826 3761 1436 
23 1553 3820 3750 1402 
24 1528 3815 3737 1366 
25 1507 3807 3708 1363 
26 1482 3801 3687 1330 
27 1461 3792 3664 1328 
28 1438 3784 3643 1300 
29 1418 3775 3623 1297 
30 1382 3766 3598 1267 
31 1364 3758 3574 1243 
32 1347 3730 3513 1235 
33 1330 3712 3468 1216 
34 1314 3691 3419 1209 
35 1296 3670 3362 1193 
36 1283 3648 3284 1184 
37 1263 3623 3199 1171 
38 1238 3595 3121 1159 
39 1227 3539 2963 1133 
40 1210 3498 2881 1133 
41 1202 3451 2807 1115 
42 1188 3398 2739 1115 
43 1175 3325 2675 1096 
44 1162 3245 2617 1094 
45 1152 3161 2559 1075 
46 1141 2993 2436 1080 
47 1122 2914 2379 1064 
48 1107 2837 2328 1042 
49 1101 2769 2276 1049 
50 1090 2704 2225 1024 
51 1077 2641 2181 1032 
52 1069 2579 2135 1012 
53 1062 2461 2048 1018 
54 1052 2406 2004 995 
55 1033 2358 1962 1003 
56 1033 2299 1926 991 
57 1020 2253 1885 971 
58 1011 2210 1854 978 
59 1002 2162 1820 957 
60 994 2121 1789 964 
61 986 2036 1721 948 
62 978 1997 1689 951 
63 973 1956 1657 942 
64 965 1919 1630 932 
65 947 1883 1600 923 
66 946 1851 1574 923 
67 939 1815 1545 914 
68 934 1784 1526 919 
69 924 1716 1471 903 
70 920 1687 1446 913 
71 914 1652 1425 893 
72 906 1625 1398 903 
73 901 1595 1381 885 
74 891 1566 1357 872 
75 885 1541 1337 884 
76 880 1518 1315 872 
77 876 1463 1279 876 
78 869 1437 1258 863 
79 867 1411 1238 867 
80 860 1387 1219 858 
81 856 1364 1206 859 
82 848 1342 1188 848 
83 847 1321 1174 847 
84 834 1297 1155 839 
85 832 1277 1143 845 
86 824 1238 1111 833 
87 823 1211 1100 840 
88 815 1195 1082 825 
89 818 1176 1068 836 
90 810 1162 1058 819 
91 808 1136 1044 814 
92 804 1124 1030 824 
93 801 1106 1019 809 
94 793 1072 995 819 
95 785 1057 981 805 
96 784 1041 972 811 
97 781 1027 959 799 
98 778 1013 949 808 
99 774 996 938 795 
100 771 983 929 801 
101 767 970 919 793 
102 764 955 912 787 
103 754 928 891 779 
104 757 913 878 782 
105 753 904 870 776 
106 751 890 860 778 
107 744 877 853 771 
108 748 867 845 777 
109 740 858 832 765 
110 741 844 827 777 
111 734 835 820 774 
112 734 819 812 759 
113 731 801 794 761 
114 730 790 787 755 
115 729 781 779 758 
116 724 770 772 752 
117 725 763 765 752 
118 719 748 759 751 
119 719 745 753 753 
120 718 735 748 743 
121 718 716 731 745 
122 714 706 727 740 
123 711 699 721 745 
124 711 689 716 735 
125 707 681 707 743 
126 706 672 702 738 
127 705 665 698 740 
128 703 660 692 731 
129 702 650 689 734 
130 700 641 684 727 
131 699 628 670 725 
132 697 621 665 728 
133 696 613 659 724 
134 693 608 656 724 
135 694 600 651 721 
136 694 594 647 722 
137 689 589 644 715 
138 689 577 639 717 
139 687 576 629 716 
140 686 562 625 717 
141 685 558 621 713 
142 684 552 616 716 
143 682 545 612 711 
144 682 540 610 714 
145 679 534 606 708 
146 677 528 600 706 
147 677 522 600 705 
148 673 520 596 711 
149 674 507 585 705 
150 673 500 583 711 
151 673 495 579 713 
152 672 494 572 698 
153 672 481 572 704 
154 672 483 570 699 
155 670 476 567 708 
156 671 473 562 697 
157 668 468 561 703 
158 663 465 553 691 
159 668 456 551 704 
160 664 452 548 691 
161 667 449 548 700 
162 660 441 542 696 
163 661 438 539 690 
164 662 435 536 700 
165 659 430 536 696 
166 661 427 531 697 
167 660 423 529 694 
168 659 417 522 688 
169 658 412 520 692 
170 658 408 518 686 
171 654 406 514 691 
172 653 404 513 689 
173 651 402 508 681 
174 653 398 507 681 
175 651 391 507 679 
176 653 390 503 680 
177 646 384 500 673 
178 649 382 502 677 
179 648 377 493 673 
