0 0 0 0 0 
1 1153 3851 3814 1409 
2 1131 3846 3810 1377 
3 1091 3843 3802 1331 
4 1040 3833 3790 1291 
5 1015 3828 3783 1212 
6 991 3823 3770 1178 
7 966 3818 3758 1145 
8 942 3813 3738 1115 
9 923 3806 3723 1082 
10 898 3797 3701 1051 
11 882 3790 3677 1021 
12 861 3781 3653 991 
13 829 3755 3593 968 
14 807 3742 3562 940 
15 791 3722 3517 918 
16 775 3701 3463 873 
17 762 3677 3395 851 
18 746 3651 3290 829 
19 731 3627 3181 805 
20 717 3598 3063 790 
21 704 3566 2957 771 
22 690 3490 2755 752 
23 666 3447 2666 735 
24 655 3391 2576 720 
25 642 3308 2490 704 
26 635 3222 2407 672 
27 626 3111 2331 657 
28 613 3014 2263 643 
29 605 2918 2184 630 
30 597 2830 2118 619 
31 584 2658 1995 605 
32 576 2585 1937 592 
33 560 2504 1880 581 
34 552 2431 1824 569 
35 546 2363 1774 560 
36 538 2300 1721 546 
37 530 2235 1676 526 
38 526 2173 1631 516 
39 517 2116 1582 506 
40 508 2028 1508 501 
41 504 1965 1466 490 
42 497 1904 1428 480 
43 484 1871 1392 472 
44 481 1824 1358 466 
45 472 1779 1325 456 
46 468 1730 1291 444 
47 463 1694 1263 442 
48 455 1655 1227 423 
49 452 1620 1202 420 
50 446 1544 1141 414 
51 438 1504 1120 408 
52 434 1482 1090 401 
53 425 1448 1071 395 
54 423 1421 1046 391 
55 417 1384 1024 385 
56 411 1353 1001 379 
57 408 1323 979 374 
58 402 1297 958 370 
59 399 1244 918 362 
60 395 1219 898 355 
61 391 1193 879 352 
62 386 1168 862 348 
63 379 1143 845 346 
64 374 1119 831 336 
65 373 1100 815 333 
66 368 1079 798 329 
67 365 1057 784 326 
68 362 1036 769 321 
69 360 997 742 319 
70 356 982 727 316 
71 354 959 713 307 
72 348 940 704 305 
73 348 926 690 302 
74 342 912 677 300 
75 338 892 667 295 
76 336 874 656 292 
77 332 862 644 290 
78 329 834 626 285 
79 328 818 613 284 
80 325 807 602 280 
81 322 788 591 278 
82 321 779 584 275 
83 316 765 572 274 
84 315 753 566 269 
85 309 743 557 264 
86 309 732 550 264 
87 309 717 537 260 
88 306 697 524 257 
89 303 688 515 256 
90 302 677 507 256 
91 297 663 498 250 
92 300 654 494 249 
93 293 649 487 246 
94 295 638 479 246 
95 293 628 473 244 
96 290 618 464 241 
97 287 612 458 238 
98 287 597 454 234 
99 285 584 442 231 
100 283 578 435 231 
101 279 568 432 231 
102 281 561 426 222 
103 280 553 419 223 
104 275 551 416 223 
105 276 539 411 220 
106 275 534 401 221 
107 272 526 398 219 
108 273 517 394 217 
109 269 506 385 215 
110 267 499 377 214 
111 267 493 376 210 
112 266 488 369 208 
113 264 479 368 208 
114 265 474 363 202 
115 259 470 359 206 
116 264 464 357 204 
117 259 458 350 202 
118 259 452 343 200 
119 258 447 341 200 
120 256 437 336 200 
121 252 436 332 199 
122 253 422 327 198 
123 253 425 325 196 
124 251 418 321 196 
125 251 416 316 192 
126 251 408 316 193 
127 249 404 312 192 
128 247 399 308 187 
129 247 396 306 187 
130 248 392 302 188 
131 244 383 296 186 
132 242 380 290 184 
133 245 378 290 185 
134 244 371 286 183 
135 243 370 283 182 
136 242 368 281 182 
137 240 363 280 181 
138 237 361 267 181 
139 239 358 272 179 
140 237 355 272 177 
141 236 351 269 176 
142 236 343 263 177 
143 237 341 260 174 
144 236 335 257 174 
145 234 335 256 175 
146 234 331 253 174 
147 229 326 249 171 
148 232 325 248 172 
149 230 323 248 170 
150 232 318 245 171 
151 228 320 241 173 
152 230 315 241 169 
153 228 316 238 165 
154 229 306 237 164 
155 226 308 235 166 
156 227 306 230 167 
157 225 301 228 165 
158 227 297 226 166 
159 226 296 227 164 
160 224 290 226 163 
161 224 291 222 164 
162 224 289 221 163 
163 219 289 216 162 
164 223 288 218 161 
165 222 283 214 163 
166 221 278 212 160 
167 220 278 211 160 
168 221 277 209 159 
169 220 272 207 159 
170 221 271 208 155 
171 221 270 205 157 
172 218 267 203 159 
173 216 268 201 158 
174 219 264 201 157 
175 218 261 198 156 
176 217 260 198 158 
177 215 256 195 156 
178 217 259 193 155 
179 215 253 192 153 
