0 0 0 0 0 
1 2403 3894 3870 1568 
2 2393 3890 3870 1512 
3 2321 3887 3863 1472 
4 2284 3885 3860 1451 
5 2255 3878 3851 1415 
6 2222 3875 3847 1394 
7 2199 3873 3846 1366 
8 2173 3869 3839 1347 
9 2147 3868 3836 1317 
10 2122 3861 3831 1298 
11 2096 3861 3831 1258 
12 2047 3858 3823 1232 
13 2024 3851 3812 1217 
14 2006 3849 3805 1193 
15 1983 3845 3800 1183 
16 1967 3841 3793 1163 
17 1947 3837 3785 1150 
18 1930 3836 3774 1135 
19 1915 3836 3764 1105 
20 1900 3829 3751 1088 
21 1879 3821 3717 1079 
22 1844 3816 3699 1061 
23 1836 3812 3675 1055 
24 1817 3806 3654 1037 
25 1808 3801 3628 1033 
26 1788 3794 3599 1016 
27 1775 3785 3571 1013 
28 1760 3781 3535 994 
29 1747 3757 3439 975 
30 1735 3747 3365 971 
31 1723 3730 3281 958 
32 1694 3716 3184 955 
33 1683 3699 3084 943 
34 1671 3679 3005 939 
35 1658 3659 2917 923 
36 1649 3636 2827 922 
37 1638 3580 2665 904 
38 1623 3548 2597 897 
39 1617 3510 2523 890 
40 1608 3469 2462 884 
41 1596 3413 2397 876 
42 1589 3344 2342 873 
43 1568 3252 2283 863 
44 1561 3155 2229 859 
45 1552 3053 2169 850 
46 1546 2960 2115 851 
47 1537 2789 2020 840 
48 1533 2708 1970 831 
49 1522 2632 1927 832 
50 1515 2561 1888 812 
51 1508 2491 1844 820 
52 1502 2425 1809 812 
53 1495 2366 1776 817 
54 1481 2304 1732 804 
55 1478 2246 1698 804 
56 1470 2133 1629 793 
57 1468 2081 1600 789 
58 1457 2033 1567 785 
59 1457 1990 1541 782 
60 1445 1942 1506 776 
61 1445 1901 1484 776 
62 1437 1860 1458 771 
63 1435 1820 1431 770 
64 1425 1781 1403 765 
65 1424 1747 1382 764 
66 1417 1671 1330 757 
67 1411 1637 1310 748 
68 1410 1605 1286 754 
69 1406 1574 1267 745 
70 1395 1544 1245 751 
71 1396 1517 1229 738 
72 1393 1490 1205 741 
73 1388 1461 1195 736 
74 1383 1434 1172 737 
75 1383 1410 1153 731 
76 1376 1380 1133 730 
77 1376 1334 1100 725 
78 1373 1312 1084 720 
79 1364 1290 1069 722 
80 1362 1266 1054 715 
81 1362 1245 1043 719 
82 1357 1219 1027 713 
83 1353 1207 1014 712 
84 1351 1185 1001 708 
85 1349 1165 989 707 
86 1348 1145 972 702 
87 1342 1113 948 708 
88 1342 1095 935 702 
89 1337 1079 926 699 
90 1336 1063 913 696 
91 1330 1045 904 695 
92 1329 1030 892 692 
93 1325 1018 882 692 
94 1326 997 875 689 
95 1322 986 862 690 
96 1319 972 851 686 
97 1315 956 844 689 
98 1311 927 825 682 
99 1313 920 816 683 
100 1309 902 805 680 
101 1307 889 795 682 
102 1303 876 790 679 
103 1304 865 785 674 
104 1300 855 774 675 
105 1299 844 760 672 
106 1297 834 756 674 
107 1299 819 753 669 
108 1293 808 745 670 
109 1293 788 730 668 
110 1288 779 723 668 
111 1289 767 716 665 
112 1285 757 708 664 
113 1285 748 703 664 
114 1286 735 693 662 
115 1283 728 691 661 
116 1281 716 685 663 
117 1281 710 680 659 
118 1278 702 674 658 
119 1276 691 668 659 
120 1273 677 657 657 
121 1273 670 649 655 
122 1273 659 645 652 
123 1273 652 643 653 
124 1267 645 635 653 
125 1267 636 629 653 
126 1262 630 625 650 
127 1265 620 616 650 
128 1264 614 615 647 
129 1264 606 613 650 
130 1261 602 606 646 
131 1259 593 604 650 
132 1259 580 593 642 
133 1258 572 588 646 
134 1257 569 584 645 
135 1254 556 578 644 
136 1255 555 577 643 
137 1253 548 573 643 
138 1250 544 570 641 
139 1249 538 562 642 
140 1248 533 561 640 
141 1246 528 559 636 
142 1248 525 552 633 
143 1245 513 547 640 
144 1246 510 544 638 
145 1244 501 539 636 
146 1244 497 538 637 
147 1242 493 531 635 
148 1242 487 530 635 
149 1238 486 528 633 
150 1243 478 525 633 
151 1241 472 522 633 
152 1233 467 518 631 
153 1239 464 517 630 
154 1237 458 515 630 
155 1239 456 512 628 
156 1231 449 505 631 
157 1231 443 501 633 
158 1233 436 499 631 
159 1233 434 496 628 
160 1228 431 494 627 
161 1231 428 491 628 
162 1232 426 490 629 
163 1230 422 486 629 
164 1228 416 484 626 
165 1225 414 484 625 
166 1226 409 480 626 
167 1225 406 480 624 
168 1222 403 473 626 
169 1219 397 472 623 
170 1223 393 469 624 
171 1223 388 466 624 
172 1223 387 465 625 
173 1226 385 460 621 
174 1218 381 460 623 
175 1221 378 458 622 
176 1219 374 457 621 
177 1216 374 455 617 
178 1221 369 451 620 
179 1217 368 452 620 
