0 0 0 0 0 
1 1001 3774 3790 1117 
2 969 3774 3791 1097 
3 944 3763 3788 1067 
4 915 3760 3785 1009 
5 891 3753 3785 988 
6 867 3745 3781 961 
7 823 3733 3773 941 
8 800 3713 3764 916 
9 780 3700 3756 895 
10 761 3683 3748 873 
11 742 3668 3737 851 
12 724 3650 3729 834 
13 707 3632 3718 810 
14 686 3589 3691 777 
15 675 3568 3671 761 
16 642 3542 3660 742 
17 629 3513 3643 729 
18 613 3484 3627 711 
19 600 3451 3605 693 
20 588 3408 3592 684 
21 574 3306 3543 667 
22 562 3230 3516 655 
23 550 3133 3485 630 
24 539 3041 3445 616 
25 518 2963 3401 605 
26 506 2870 3333 594 
27 496 2792 3252 583 
28 487 2708 3155 573 
29 477 2559 2971 559 
30 470 2489 2890 549 
31 460 2418 2805 540 
32 447 2345 2733 531 
33 434 2288 2657 509 
34 426 2230 2585 500 
35 418 2159 2508 492 
36 410 2107 2443 485 
37 401 2003 2322 475 
38 391 1941 2261 467 
39 387 1893 2198 459 
40 378 1845 2146 451 
41 371 1803 2091 443 
42 363 1753 2038 434 
43 351 1711 1983 421 
44 346 1672 1937 414 
45 340 1590 1843 407 
46 335 1555 1801 402 
47 331 1514 1757 395 
48 324 1481 1717 388 
49 316 1446 1675 384 
50 312 1410 1637 377 
51 309 1383 1601 370 
52 304 1345 1563 364 
53 294 1288 1498 357 
54 289 1260 1462 348 
55 284 1234 1430 339 
56 280 1212 1397 335 
57 279 1181 1370 334 
58 271 1160 1342 328 
59 268 1135 1314 324 
60 263 1113 1285 318 
61 260 1085 1257 312 
62 256 1043 1207 310 
63 249 1023 1186 304 
64 245 1007 1162 301 
65 242 986 1140 293 
66 238 964 1117 290 
67 234 950 1096 284 
68 231 931 1076 282 
69 229 911 1054 276 
70 226 899 1033 276 
71 220 863 997 271 
72 219 850 982 270 
73 212 832 962 263 
74 211 823 943 262 
75 208 800 928 256 
76 206 791 913 252 
77 201 773 896 248 
78 197 768 881 245 
79 200 748 865 242 
80 194 725 850 234 
81 193 722 836 237 
82 189 695 810 236 
83 186 688 792 228 
84 184 678 782 226 
85 180 667 769 225 
86 179 660 757 224 
87 178 642 749 224 
88 176 640 733 213 
89 172 625 719 211 
90 171 620 712 208 
91 168 605 698 208 
92 167 592 678 204 
93 165 577 668 204 
94 164 572 659 202 
95 160 560 648 199 
96 158 557 640 195 
97 156 541 635 196 
98 154 539 620 192 
99 151 527 613 190 
100 152 520 604 184 
101 149 503 593 185 
102 144 500 577 184 
103 143 494 570 183 
104 141 485 563 178 
105 136 480 557 177 
106 140 472 548 176 
107 137 470 540 173 
108 133 459 533 169 
109 134 452 525 170 
110 130 444 517 169 
111 131 432 504 165 
112 130 426 499 166 
113 129 420 492 163 
114 126 420 484 163 
115 126 411 479 161 
116 125 409 473 158 
117 125 401 467 157 
118 122 397 461 155 
119 119 388 454 156 
120 116 382 448 153 
121 116 376 438 150 
122 117 366 430 146 
123 113 365 427 149 
124 115 359 423 145 
125 115 358 417 146 
126 109 349 412 143 
127 109 341 403 145 
128 109 335 401 140 
129 109 335 393 142 
130 108 334 390 138 
131 105 320 386 137 
132 105 320 380 136 
133 104 312 380 135 
134 103 311 378 134 
135 102 308 366 132 
136 101 302 360 131 
137 102 300 355 131 
138 97 297 350 130 
139 98 295 347 128 
140 99 287 344 129 
141 96 289 340 127 
142 96 280 335 124 
143 94 276 330 123 
144 92 278 325 124 
145 93 270 324 122 
146 92 266 317 122 
147 92 258 313 119 
148 91 258 310 118 
149 90 258 306 120 
150 89 248 301 115 
151 89 251 298 116 
152 87 247 297 117 
153 88 247 293 114 
154 81 239 289 110 
155 85 240 287 112 
156 81 232 281 112 
157 82 230 275 110 
158 80 226 273 110 
159 82 229 274 109 
160 82 221 267 109 
161 81 220 269 108 
162 82 218 262 108 
163 80 218 262 104 
164 80 214 257 106 
165 81 217 257 105 
166 79 208 256 105 
167 76 202 250 104 
168 76 205 246 103 
169 77 201 242 103 
170 74 202 242 102 
171 74 197 239 101 
172 74 195 234 100 
173 72 188 236 102 
174 71 191 231 98 
175 70 184 230 101 
176 72 188 230 97 
177 71 181 222 101 
178 69 179 220 97 
179 70 182 216 97 
