0 0 0 0 0 
1 1373 3875 3855 710 
2 1355 3871 3854 694 
3 1280 3867 3849 678 
4 1246 3862 3837 661 
5 1213 3857 3837 646 
6 1176 3856 3834 613 
7 1147 3852 3827 600 
8 1115 3847 3822 586 
9 1092 3844 3817 571 
10 1040 3834 3805 558 
11 1014 3830 3795 544 
12 988 3824 3791 532 
13 964 3817 3781 521 
14 940 3811 3772 497 
15 921 3799 3744 486 
16 898 3791 3730 476 
17 876 3784 3710 463 
18 859 3775 3687 456 
19 824 3764 3667 444 
20 803 3752 3643 433 
21 782 3719 3581 424 
22 768 3702 3550 416 
23 751 3678 3509 397 
24 739 3659 3461 389 
25 719 3629 3393 380 
26 691 3603 3307 371 
27 676 3537 3084 367 
28 661 3498 2975 358 
29 647 3451 2875 349 
30 635 3391 2775 342 
31 621 3306 2684 329 
32 606 3208 2597 323 
33 583 3111 2515 314 
34 569 2927 2358 307 
35 558 2843 2290 302 
36 541 2765 2224 295 
37 536 2681 2160 290 
38 526 2606 2098 283 
39 516 2532 2036 275 
40 505 2392 1923 267 
41 487 2330 1874 261 
42 478 2269 1828 259 
43 467 2208 1775 252 
44 460 2145 1731 247 
45 449 2096 1687 243 
46 443 1993 1605 237 
47 433 1941 1563 228 
48 419 1896 1526 226 
49 412 1849 1490 218 
50 404 1805 1454 218 
51 397 1759 1423 213 
52 390 1722 1390 206 
53 382 1643 1330 202 
54 377 1604 1296 199 
55 370 1569 1272 195 
56 358 1533 1248 186 
57 354 1501 1220 181 
58 343 1467 1195 182 
59 339 1439 1171 178 
60 333 1378 1125 177 
61 332 1346 1100 171 
62 326 1317 1077 170 
63 320 1293 1057 164 
64 309 1261 1033 162 
65 305 1240 1015 158 
66 294 1212 998 155 
67 294 1191 975 153 
68 289 1144 939 148 
69 283 1122 923 146 
70 280 1100 908 144 
71 275 1080 887 142 
72 267 1058 871 140 
73 263 1041 858 139 
74 260 1019 842 132 
75 253 981 815 132 
76 250 965 799 126 
77 250 946 787 128 
78 245 931 773 124 
79 240 914 759 122 
80 232 895 748 118 
81 229 882 736 117 
82 227 850 712 118 
83 222 836 699 114 
84 220 822 689 113 
85 216 806 676 109 
86 214 795 666 109 
87 209 782 655 106 
88 210 769 645 105 
89 204 758 636 106 
90 199 731 617 102 
91 193 721 606 102 
92 193 710 597 98 
93 191 699 587 97 
94 188 691 581 94 
95 184 679 572 95 
96 181 670 566 92 
97 177 657 556 92 
98 176 640 539 89 
99 171 625 531 88 
100 169 622 522 88 
101 169 612 518 84 
102 166 602 509 84 
103 162 595 503 86 
104 160 586 495 84 
105 158 577 489 82 
106 153 564 473 81 
107 152 555 470 81 
108 150 549 462 78 
109 148 541 458 78 
110 140 533 452 77 
111 144 529 445 77 
112 142 521 437 78 
113 143 515 436 73 
114 138 501 426 74 
115 137 494 418 72 
116 133 488 414 73 
117 132 483 407 68 
118 131 477 406 70 
119 129 471 399 70 
120 128 466 393 69 
121 130 459 389 68 
122 128 450 380 67 
123 121 445 375 65 
124 122 436 371 66 
125 121 436 368 66 
126 120 432 362 65 
127 119 423 359 62 
128 117 419 356 65 
129 116 416 353 62 
130 115 411 347 64 
131 114 402 339 62 
132 113 398 336 61 
133 111 393 333 61 
134 112 391 330 60 
135 109 384 328 58 
136 108 382 324 60 
137 107 378 320 60 
138 106 376 317 58 
139 103 367 311 58 
140 101 362 308 57 
141 101 360 306 57 
142 101 356 301 55 
143 101 354 300 56 
144 96 351 295 54 
145 98 346 294 55 
146 98 345 288 54 
147 97 339 286 55 
148 96 333 285 55 
149 92 332 280 57 
150 94 329 278 50 
151 96 325 276 54 
152 95 322 272 52 
153 91 319 269 52 
154 91 314 268 52 
155 86 312 266 51 
156 91 308 262 49 
157 91 307 261 52 
158 87 302 258 50 
159 85 302 256 52 
160 87 298 253 51 
161 89 296 253 48 
162 86 293 250 50 
163 85 293 250 50 
164 81 289 244 49 
165 81 285 242 50 
166 81 285 242 49 
167 82 280 240 49 
168 81 279 240 48 
169 81 275 235 49 
170 81 276 233 48 
171 80 273 230 48 
172 81 270 230 48 
173 81 268 228 47 
174 78 260 227 48 
175 79 261 228 46 
176 78 260 224 48 
177 73 260 221 46 
178 76 258 222 47 
179 77 254 219 47 
